0 66 25
0 67 93
0 68 36
0 69 52
0 70 63
0 71 92
0 72 76
0 73 4
0 74 93
0 75 2
0 76 67
0 77 40
0 78 72
0 79 34
0 80 43
0 81 72
0 82 44
0 83 43
0 84 3
0 85 88
0 86 95
0 87 65
0 88 80
0 89 85
0 90 14
0 91 16
0 92 34
0 93 44
0 94 54
0 95 91
0 96 36
0 97 37
0 98 64
0 99 94
0 1 94
0 2 5
0 3 20
0 4 32
0 5 50
0 6 75
0 7 81
0 8 1
0 9 58
0 10 87
0 11 30
0 12 12
0 13 15
0 14 86
0 15 74
0 16 50
0 17 85
0 18 6
0 19 17
0 20 57
0 21 72
0 22 92
0 23 68
0 24 65
0 25 24
0 26 60
0 27 28
0 28 93
0 29 45
0 30 59
0 31 88
0 32 26
0 33 39
0 34 53
0 35 78
0 36 15
0 37 35
0 38 7
0 39 37
0 40 43
0 41 19
0 42 21
0 43 5
0 44 33
0 45 26
0 46 56
0 47 73
0 48 87
0 49 49
0 50 65
0 51 63
0 52 74
0 53 83
0 54 87
0 55 83
0 56 27
0 57 21
0 58 33
0 59 80
0 60 65
0 61 62
0 62 49
0 63 69
0 64 92
0 65 11
1 70 13
1 71 79
1 72 39
1 73 58
1 74 54
1 75 74
1 76 60
1 77 80
1 78 46
1 79 24
1 80 60
1 81 91
1 82 64
1 83 30
1 84 65
1 85 76
1 86 71
1 87 26
1 88 92
1 89 59
1 90 19
1 91 96
1 92 37
1 93 54
1 94 5
1 95 75
1 96 25
1 97 36
1 98 59
1 99 8
1 0 58
1 2 67
1 3 1
1 4 54
1 5 46
1 6 22
1 7 65
1 8 40
1 9 24
1 10 79
1 11 31
1 12 22
1 13 37
1 14 61
1 15 57
1 16 87
1 17 4
1 18 71
1 19 80
1 20 43
1 21 25
1 22 39
1 23 48
1 24 67
1 25 69
1 26 59
1 27 91
1 28 99
1 29 64
1 30 11
1 31 3
1 32 99
1 33 45
1 34 76
1 35 10
1 36 2
1 37 25
1 38 26
1 39 33
1 40 0
1 41 59
1 42 22
1 43 98
1 44 25
1 45 17
1 46 76
1 47 7
1 48 6
1 49 22
1 50 50
1 51 69
1 52 27
1 53 1
1 54 38
1 55 67
1 56 91
1 57 36
1 58 92
1 59 54
1 60 22
1 61 86
1 62 53
1 63 83
1 64 47
1 65 58
1 66 17
2 9 69
2 10 51
2 11 21
2 12 66
2 13 2
2 14 70
2 15 37
2 16 37
2 17 54
2 18 33
2 19 35
2 20 66
2 21 4
2 22 87
2 23 53
2 24 5
2 25 85
2 26 84
2 27 54
2 28 22
2 29 94
2 30 41
2 31 57
2 32 99
2 33 94
2 34 91
2 35 80
2 36 85
2 37 45
2 38 43
2 39 34
2 40 76
2 41 70
2 42 91
2 43 17
2 44 44
2 45 14
2 46 59
2 47 32
2 48 94
2 49 74
2 50 83
2 51 18
2 52 63
2 53 43
2 54 35
2 55 24
2 56 1
2 57 69
2 58 31
2 59 2
2 60 58
2 61 59
2 62 66
2 63 74
2 64 84
2 65 81
2 66 51
2 67 75
2 68 64
2 69 6
2 70 70
2 71 75
2 72 13
2 73 17
3 39 93
3 40 7
3 41 0
3 42 19
3 43 51
3 44 16
3 45 43
3 46 77
3 47 77
3 48 24
3 49 21
3 50 34
3 51 31
3 52 82
3 53 55
3 54 36
3 55 6
3 56 88
3 57 27
3 58 70
3 59 72
3 60 19
3 61 34
3 62 66
3 63 54
3 64 52
3 65 9
3 66 53
3 67 77
3 68 39
3 69 51
3 70 82
3 71 78
3 72 51
3 73 64
3 74 3
3 75 95
3 76 19
3 77 43
3 78 30
3 79 36
3 80 82
3 81 93
3 82 48
3 83 3
3 84 88
3 85 76
3 86 97
3 87 55
4 39 52
4 40 6
4 41 17
4 42 74
4 43 64
4 44 36
4 45 26
4 46 77
4 47 6
4 48 99
4 49 50
4 50 30
4 51 94
4 52 56
4 53 50
4 54 8
4 55 46
4 56 22
4 57 82
4 58 36
4 59 45
4 60 93
4 61 23
4 62 90
4 63 83
4 64 46
4 65 86
4 66 4
4 67 90
4 68 40
4 69 59
4 70 71
4 71 19
4 72 48
4 73 91
4 74 91
4 75 69
4 76 17
4 77 77
5 63 41
5 64 28
5 65 76
5 66 50
5 67 68
5 68 53
5 69 14
5 70 47
5 71 67
5 72 96
5 73 30
5 74 25
5 75 13
5 76 92
5 77 91
5 78 27
5 79 7
5 80 86
5 81 82
5 82 64
5 83 59
5 84 59
5 85 36
5 86 84
5 87 97
5 88 85
5 89 73
5 90 77
5 91 8
5 92 10
5 93 93
5 94 6
5 95 18
6 96 26
6 97 83
6 98 63
6 99 22
6 0 3
6 1 2
6 2 98
6 3 53
6 4 54
6 5 11
6 7 63
6 8 82
6 9 51
6 10 33
6 11 49
6 12 38
6 13 98
6 14 86
6 15 9
6 16 5
6 17 32
6 18 18
6 19 49
6 20 66
6 21 58
6 22 52
6 23 42
7 26 76
7 27 27
7 28 65
7 29 8
7 30 84
7 31 86
7 32 77
7 33 33
7 34 4
7 35 19
7 36 70
7 37 25
7 38 22
7 39 31
7 40 12
7 41 96
7 42 58
7 43 92
7 44 17
7 45 29
7 46 30
7 47 53
7 48 74
7 49 10
7 50 77
8 61 38
8 62 37
8 63 81
8 64 64
8 65 33
8 66 77
8 67 36
8 68 52
8 69 50
8 70 54
8 71 10
8 72 69
8 73 21
8 74 84
8 75 0
8 76 1
8 77 61
8 78 40
8 79 74
8 80 84
8 81 82
8 82 44
9 38 20
9 39 36
9 40 15
9 41 98
9 42 49
9 43 97
9 44 22
9 45 34
9 46 70
9 47 78
9 48 64
9 49 7
9 50 38
9 51 11
9 52 22
9 53 76
9 54 15
9 55 74
9 56 84
9 57 84
10 86 99
10 87 85
10 88 5
10 89 28
10 90 78
10 91 10
10 92 46
10 93 90
10 94 75
10 95 36
10 96 62
10 97 61
10 98 76
10 99 76
10 0 82
10 1 94
10 2 86
10 3 21
11 63 35
11 64 85
11 65 22
11 66 41
11 67 44
11 68 34
11 69 76
11 70 28
11 71 31
11 72 3
11 73 13
11 74 78
11 75 75
11 76 19
11 77 54
11 78 78
11 79 28
12 17 28
12 18 27
12 19 49
12 20 21
12 21 78
12 22 22
12 23 91
12 24 95
12 25 41
12 26 59
12 27 61
12 28 85
12 29 24
12 30 36
12 31 38
13 14 63
13 15 51
13 16 72
13 17 84
13 18 96
13 19 28
13 20 76
13 21 71
13 22 24
13 23 53
13 24 14
13 25 65
13 26 90
14 96 57
14 97 55
14 98 64
14 99 19
14 0 93
14 1 2
14 2 64
14 3 2
14 4 47
14 5 24
14 6 96
14 7 79
14 8 88
15 19 53
15 20 5
15 21 98
15 22 27
15 23 11
15 24 70
15 25 76
15 26 84
15 27 59
15 28 13
15 29 70
15 30 89
15 31 23
16 75 10
16 76 14
16 77 5
16 78 57
16 79 39
16 80 90
16 81 0
16 82 64
16 83 50
16 84 17
16 85 81
16 86 15
17 56 15
17 57 54
17 58 8
17 59 0
17 60 50
17 61 30
17 62 19
17 63 75
17 64 76
17 65 11
17 66 77
18 78 74
18 79 41
18 80 85
18 81 53
18 82 77
18 83 61
18 84 90
18 85 43
18 86 16
18 87 36
18 88 42
19 99 76
19 0 31
19 1 32
19 2 84
19 3 94
19 4 73
19 5 71
19 6 25
19 7 16
19 8 28
20 93 18
20 94 0
20 95 54
20 96 56
20 97 85
20 98 22
20 99 1
20 0 51
20 1 13
20 2 38
21 83 94
21 84 41
21 85 67
21 86 3
21 87 57
21 88 9
21 89 17
21 90 45
21 91 84
22 72 35
22 73 77
22 74 41
22 75 0
22 76 57
22 77 8
22 78 68
22 79 72
22 80 79
23 5 30
23 6 5
23 7 67
23 8 41
23 9 34
23 10 52
23 11 95
23 12 83
23 13 50
24 81 4
24 82 4
24 83 82
24 84 11
24 85 3
24 86 95
24 87 4
24 88 25
25 43 73
25 44 46
25 45 41
25 46 5
25 47 50
25 48 38
25 49 0
25 50 86
26 30 53
26 31 84
26 32 24
26 33 69
26 34 83
26 35 9
26 36 21
26 37 47
27 24 80
27 25 86
27 26 31
27 28 33
27 29 62
27 30 64
28 35 59
28 36 13
28 37 46
28 38 58
28 39 71
28 40 33
28 41 56
29 85 40
29 86 12
29 87 49
29 88 82
29 89 23
29 90 42
29 91 14
30 68 89
30 69 69
30 70 48
30 71 44
30 72 88
30 73 54
30 74 77
31 56 13
31 57 93
31 58 47
31 59 83
31 60 92
31 61 48
31 62 23
32 90 0
32 91 37
32 92 78
32 93 9
32 94 74
32 95 55
33 23 96
33 24 33
33 25 72
33 26 47
33 27 26
33 28 81
34 53 59
34 54 8
34 55 38
34 56 52
34 57 21
34 58 74
35 5 56
35 6 3
35 7 44
35 8 79
35 9 52
35 10 66
36 38 28
36 39 88
36 40 11
36 41 76
36 42 57
36 43 38
37 89 23
37 90 37
37 91 69
37 92 80
37 93 21
37 94 88
38 89 87
38 90 8
38 91 86
38 92 85
38 93 55
39 4 36
39 5 43
39 6 1
39 7 79
39 8 70
40 87 15
40 88 64
40 89 30
40 90 60
40 91 59
41 40 91
41 42 4
41 43 22
41 44 90
42 90 8
42 91 54
42 92 75
42 93 97
42 94 37
43 72 58
43 73 30
43 74 19
43 75 73
43 76 70
44 83 18
44 84 37
44 85 54
44 86 37
44 87 87
45 19 95
45 20 60
45 21 24
45 22 62
45 23 42
46 68 40
46 69 78
46 70 17
46 71 95
46 72 98
47 59 94
47 60 75
47 61 79
47 62 48
47 63 7
48 12 66
48 13 9
48 14 94
48 15 28
49 91 98
49 92 54
49 93 97
49 94 16
50 13 28
50 14 98
50 15 73
50 16 99
51 15 61
51 16 13
51 17 18
51 18 72
52 42 98
52 43 44
52 44 73
52 45 2
53 61 74
53 62 5
53 63 93
53 64 19
54 45 6
54 46 72
54 47 48
54 48 29
55 26 75
55 27 55
55 28 12
55 29 18
56 15 52
56 16 27
56 17 45
56 18 64
57 60 37
57 61 98
57 62 71
57 63 24
58 73 40
58 74 9
58 75 97
58 76 51
59 1 18
59 2 61
59 3 19
59 4 28
60 94 84
60 95 69
60 96 49
60 97 28
61 11 62
61 12 4
61 13 33
61 14 25
62 89 1
62 90 24
62 91 48
62 92 87
63 9 89
63 10 68
63 11 21
63 12 51
64 77 19
64 78 9
64 79 32
65 51 82
65 52 61
65 53 27
66 46 50
66 47 82
66 48 58
67 28 35
67 29 90
67 30 22
68 32 40
68 33 10
68 34 2
69 68 64
69 70 32
70 67 78
70 68 42
70 69 37
71 21 95
71 22 41
71 23 19
72 60 91
72 61 96
72 62 64
73 27 18
73 28 95
73 29 57
74 21 94
74 22 96
74 23 88
75 58 82
75 59 22
75 60 25
76 2 24
76 3 25
76 4 76
77 54 55
77 55 23
77 56 53
78 57 9
78 58 17
78 59 66
79 63 25
79 64 3
79 65 16
80 60 21
80 61 14
80 62 9
81 94 77
81 95 93
81 96 79
82 58 22
82 59 35
82 60 35
83 30 64
83 31 7
83 32 63
84 42 4
84 43 68
84 44 4
85 74 90
85 75 44
85 76 36
86 45 79
86 46 80
86 47 40
87 80 87
87 81 2
87 82 42
88 51 55
88 52 78
88 53 4
89 19 60
89 20 25
89 21 59
90 58 2
90 59 80
90 60 65
91 5 26
91 6 41
91 7 14
92 37 64
92 38 64
92 39 38
93 69 97
93 70 38
93 71 29
94 28 5
94 29 33
94 30 73
95 9 49
95 10 46
95 11 7
96 98 98
96 99 38
97 29 67
97 30 47
98 77 65
98 78 9
99 75 17
99 76 0
